\duke.html
[(0, 0.5335664510798889), (1, 0.5335664510798889), (2, 0.37294694462486405), (3, 0.5335664510798889), (4, 0.08265048905491193)]
[(2, 0.3169616161924741), (5, 0.948438365873426)]
[(4, 0.05651073520351514), (6, 0.3648161405363513), (7, 0.2549955393325431), (8, 0.3648161405363513), (9, 0.2549955393325431), (10, 0.05651073520351514), (11, 0.7296322810727026), (12, 0.2549955393325431)]
[(4, 0.05651073520351514), (7, 0.2549955393325431), (9, 0.2549955393325431), (10, 0.05651073520351514), (12, 0.2549955393325431), (13, 0.3648161405363513), (14, 0.3648161405363513), (15, 0.7296322810727026)]
[(4, 0.06310656155383204), (10, 0.06310656155383204), (16, 0.2847581373855629), (17, 0.2847581373855629), (18, 0.814793583756335), (19, 0.4073967918781675)]
[(4, 0.0659685090305907), (10, 0.0659685090305907), (16, 0.29767221181317877), (17, 0.29767221181317877), (20, 0.29767221181317877), (21, 0.8517453108619454)]
[(4, 0.06910863741284577), (22, 0.4461443704082659), (23, 0.8922887408165318)]
[(4, 0.058347774646950144), (10, 0.058347774646950144), (24, 0.37667550915637443), (25, 0.37667550915637443), (26, 0.7533510183127489), (27, 0.37667550915637443)]
[(5, 0.46227208977959877), (10, 0.06847366946917473), (28, 0.8840904204888936)]
[(5, 0.4416702492964361), (10, 0.06542203895353332), (20, 0.2952063541044354), (29, 0.8446896212230579)]

*************************************************************

\example_form_from_paper.html
[(0, 0.6974858324629157), (1, 0.6974858324629157), (2, 0.11624763874381928), (3, 0.11624763874381928)]
[(2, 0.16222142113076254), (3, 0.16222142113076254), (4, 0.9733285267845753)]
[(5, 0.9701425001453319), (6, 0.24253562503633297)]
[(5, 0.6575959492214292), (6, 0.1643989873053573), (7, 0.3287979746107146), (8, 0.6575959492214292)]

*************************************************************

\ncsu.html
[(0, 0.5335664510798889), (1, 0.5335664510798889), (2, 0.37294694462486405), (3, 0.5335664510798889), (4, 0.08265048905491193)]
[(2, 0.3169616161924741), (5, 0.948438365873426)]
[(4, 0.05651073520351514), (6, 0.3648161405363513), (7, 0.2549955393325431), (8, 0.3648161405363513), (9, 0.2549955393325431), (10, 0.05651073520351514), (11, 0.7296322810727026), (12, 0.2549955393325431)]
[(4, 0.05651073520351514), (7, 0.2549955393325431), (9, 0.2549955393325431), (10, 0.05651073520351514), (12, 0.2549955393325431), (13, 0.3648161405363513), (14, 0.3648161405363513), (15, 0.7296322810727026)]
[(4, 0.06310656155383204), (10, 0.06310656155383204), (16, 0.2847581373855629), (17, 0.2847581373855629), (18, 0.814793583756335), (19, 0.4073967918781675)]
[(4, 0.0659685090305907), (10, 0.0659685090305907), (16, 0.29767221181317877), (17, 0.29767221181317877), (20, 0.29767221181317877), (21, 0.8517453108619454)]
[(4, 0.06910863741284577), (22, 0.4461443704082659), (23, 0.8922887408165318)]
[(4, 0.058347774646950144), (10, 0.058347774646950144), (24, 0.37667550915637443), (25, 0.37667550915637443), (26, 0.7533510183127489), (27, 0.37667550915637443)]
[(5, 0.46227208977959877), (10, 0.06847366946917473), (28, 0.8840904204888936)]
[(5, 0.4416702492964361), (10, 0.06542203895353332), (20, 0.2952063541044354), (29, 0.8446896212230579)]

*************************************************************

\penn_st.html
[(0, 0.44124367556640004), (1, 0.16284991207632712), (3, 0.8824873511328001)]
[(4, 0.408248290463863), (5, 0.408248290463863), (6, 0.816496580927726)]
[(1, 0.16284991207632712), (7, 0.44124367556640004), (8, 0.8824873511328001)]

*************************************************************

\simple_form.html
[(0, 0.4472135954999579), (2, 0.8944271909999159)]
[(5, 1.0)]

*************************************************************

\ucf.html
[(1, 0.9799435679810333), (2, 0.14090884211539387), (3, 0.14090884211539387)]
[(2, 0.14090884211539387), (3, 0.14090884211539387), (4, 0.9799435679810333)]
[(5, 0.9486832980505139), (6, 0.31622776601683794)]
[(5, 0.2929680717287447), (6, 0.2929680717287447), (7, 0.9101315387871591)]
[(2, 0.14090884211539387), (3, 0.14090884211539387), (8, 0.9799435679810333)]
[(2, 0.14090884211539387), (3, 0.14090884211539387), (9, 0.9799435679810333)]
[(10, 0.894427190999916), (11, 0.447213595499958)]

*************************************************************

\ut_austin.html
[(0, 0.3879570004707435), (1, 0.3879570004707435), (2, 0.2797391319734575), (4, 0.775914000941487), (5, 0.13668289123806918)]
[(2, 0.3035108700310343), (5, 0.14829796226707317), (6, 0.420924902128738), (7, 0.841849804257476)]
[(5, 0.17093282740094692), (8, 0.17093282740094692), (9, 0.9703421752317253)]
[(5, 0.1397079854511271), (10, 0.28593037669789634), (11, 0.28593037669789634), (12, 0.1753174077986852), (13, 0.3965433455971076), (14, 0.7930866911942152)]
[(5, 0.129869829051653), (10, 0.26579532317013294), (11, 0.26579532317013294), (12, 0.1629716562519548), (15, 0.36861899008831106), (16, 0.36861899008831106), (17, 0.7372379801766221)]
[(18, 0.3425958974909286), (19, 0.3425958974909286), (20, 0.3425958974909286), (21, 0.24703118867681645), (22, 0.3425958974909286), (23, 0.6851917949818572)]
[(8, 0.1556398069836052), (24, 0.8835275889216392), (25, 0.4417637944608196)]
[(8, 0.1556398069836052), (26, 0.8835275889216392), (27, 0.4417637944608196)]
[(8, 0.1556398069836052), (28, 0.8835275889216392), (29, 0.4417637944608196)]
[(12, 0.10492311253338715), (21, 0.17112222606802738), (30, 0.23732133960266766), (31, 0.23732133960266766), (32, 0.23732133960266766), (33, 0.23732133960266766), (34, 0.23732133960266766), (35, 0.23732133960266766), (36, 0.23732133960266766), (37, 0.23732133960266766), (38, 0.23732133960266766), (39, 0.23732133960266766), (40, 0.23732133960266766), (41, 0.17112222606802738), (42, 0.17112222606802738), (43, 0.23732133960266766), (44, 0.4746426792053353)]
[(8, 0.08625451455096657), (41, 0.17653096748775066), (42, 0.17653096748775066), (45, 0.2448224678242166), (46, 0.2448224678242166), (47, 0.17653096748775066), (48, 0.2448224678242166), (49, 0.2448224678242166), (50, 0.2448224678242166), (51, 0.2448224678242166), (52, 0.2448224678242166), (53, 0.2448224678242166), (54, 0.2448224678242166), (55, 0.2448224678242166), (56, 0.2448224678242166), (57, 0.4896449356484332)]
[(12, 0.17060777297096472), (47, 0.2782492931289106), (58, 0.38589081328685654), (59, 0.38589081328685654), (60, 0.7717816265737131)]

*************************************************************

