\duke.html
[(0, array([ 0.11351288,  0.281812  ])), (1, array([ 0.88375699, -0.05347906])), (2, array([ 0.01365424,  0.58099646])), (3, array([ 0.01365424,  0.58099646])), (4, array([ 0.03282423,  0.50820302])), (5, array([ 0.09939417,  0.50907626])), (6, array([ 0.01092523,  0.23310807])), (7, array([ 0.01028086,  0.22060397])), (8, array([ 0.774573, -0.086322])), (9, array([ 0.76220347, -0.00764309]))]

V^T: [[ 0.00180329  0.00639217  0.00403103  0.02224069  0.14665173  0.03954107
   0.2914128   0.00408884  0.01278433  0.00474188  0.00474188  0.31289227
   0.00360658  0.00180329  0.14067052  0.00204442  0.02224069  0.00237094
   0.00237094  0.00237094  0.00237094  0.02871571  0.00204442  0.00403103
   0.00403103  0.87722436  0.02871571  0.00180329  0.03093805  0.02871571
   0.00204442  0.00180329]
 [ 0.05548268  0.14190534  0.24594049  0.24406059  0.07629096  0.29038781
  -0.00419001  0.12509339  0.28381068  0.28931065  0.28931065 -0.04999907
   0.11096535  0.05548268  0.12164714  0.0625467   0.24406059  0.14465533
   0.14465533  0.14465533  0.14465533  0.1022214   0.0625467   0.24594049
   0.24594049 -0.07741999  0.1022214   0.05548268  0.38833939  0.1022214
   0.0625467   0.05548268]]

*************************************************************

\example_form_from_paper.html
[(0, array([-0.        ,  0.73774936])), (1, array([ 0.95496043,  0.        ])), (2, array([  9.54960427e-01,  -9.24994575e-16])), (3, array([  9.43541410e-16,   7.37749358e-01]))]

V^T: [[  2.31611924e-01   3.20056481e-16   2.65406228e-01   1.30104261e-15
   -6.76542156e-17  -6.76542156e-17   9.26447696e-01   3.26128013e-16
    1.32703114e-01]
 [ -1.92012205e-16   2.88761856e-01  -6.14634212e-16   6.35279591e-01
    4.63493809e-01   4.63493809e-01  -8.16621076e-16   2.88761856e-01
   -2.73761049e-16]]

*************************************************************

\ncsu.html
[(0, array([ 0.11351288,  0.281812  ])), (1, array([ 0.88375699, -0.05347906])), (2, array([ 0.01365424,  0.58099646])), (3, array([ 0.01365424,  0.58099646])), (4, array([ 0.03282423,  0.50820302])), (5, array([ 0.09939417,  0.50907626])), (6, array([ 0.01092523,  0.23310807])), (7, array([ 0.01028086,  0.22060397])), (8, array([ 0.774573, -0.086322])), (9, array([ 0.76220347, -0.00764309]))]

V^T: [[ 0.00180329  0.00639217  0.00403103  0.02224069  0.14665173  0.03954107
   0.2914128   0.00408884  0.01278433  0.00474188  0.00474188  0.31289227
   0.00360658  0.00180329  0.14067052  0.00204442  0.02224069  0.00237094
   0.00237094  0.00237094  0.00237094  0.02871571  0.00204442  0.00403103
   0.00403103  0.87722436  0.02871571  0.00180329  0.03093805  0.02871571
   0.00204442  0.00180329]
 [ 0.05548268  0.14190534  0.24594049  0.24406059  0.07629096  0.29038781
  -0.00419001  0.12509339  0.28381068  0.28931065  0.28931065 -0.04999907
   0.11096535  0.05548268  0.12164714  0.0625467   0.24406059  0.14465533
   0.14465533  0.14465533  0.14465533  0.1022214   0.0625467   0.24594049
   0.24594049 -0.07741999  0.1022214   0.05548268  0.38833939  0.1022214
   0.0625467   0.05548268]]

*************************************************************

\penn_st.html
[(0, array([ 0.63212523, -0.66926675])), (1, array([  6.48775675e-01,  -1.94185479e-15])), (2, array([ 0.63212523,  0.66926675]))]

V^T: [[  2.00196002e-01   2.00196002e-01   4.00392004e-01   2.00196002e-01
    2.00196002e-01   4.00392004e-01   2.22771766e-01   4.45543533e-01
    3.68050561e-01   3.68050561e-01]
 [  2.88675135e-01  -2.88675135e-01  -5.77350269e-01  -2.88675135e-01
    2.88675135e-01   5.77350269e-01  -8.33811866e-16  -1.66762373e-15
   -9.66645229e-18  -9.66645229e-18]]

*************************************************************

\simple_form.html
[(0, array([ 0.79364337, -0.60838327])), (1, array([ 0.79364337,  0.60838327]))]

V^T: [[ 0.29300659  0.24675335  0.49350669  0.49517158  0.5278857   0.29300659]
 [-0.07582801 -0.32189274 -0.64378548  0.64595734  0.23057463 -0.07582801]]

*************************************************************

\ucf.html
[(0, array([ 0.60795571, -0.        ])), (1, array([  6.07955707e-01,  -9.48221369e-16])), (2, array([  5.29036261e-16,   8.52279642e-01])), (3, array([  6.34843513e-16,   8.52279642e-01])), (4, array([  6.07955707e-01,  -4.92071047e-17])), (5, array([  6.07955707e-01,  -6.34188807e-16])), (6, array([ -1.48791448e-17,   5.25431424e-16]))]

V^T: [[  4.32784752e-16   4.64479374e-01  -1.24158862e-17   5.20728329e-16
    3.77000604e-01  -1.21936888e-18   3.77000604e-01   3.77000604e-01
    6.71046810e-16   4.64479374e-01   3.77000604e-01]
 [  3.95508042e-01  -3.90004517e-16   3.98425107e-16   5.05945862e-01
   -1.06081771e-15   2.17303666e-16  -2.37403384e-16  -6.86230492e-16
    7.66545610e-01  -4.94197508e-16   2.20666103e-16]]

*************************************************************

\ut_austin.html
[(0, array([ 0.4573609 , -0.26169104])), (1, array([ 0.47741178, -0.26031523])), (2, array([ 0.37207157, -0.12040447])), (3, array([ 0.60460444, -0.0212096 ])), (4, array([ 0.68102949, -0.11413155])), (5, array([ 0.11175261,  0.30678535])), (6, array([ 0.13591684,  0.15036745])), (7, array([ 0.13591684,  0.15036745])), (8, array([ 0.13591684,  0.15036745])), (9, array([ 0.18437759,  0.55946197])), (10, array([ 0.12132033,  0.5627058 ])), (11, array([ 0.25950263,  0.43274276]))]

V^T: [[ 0.02544595  0.38980769  0.01834012  0.01834012  0.06035728  0.01834012
   0.02544595  0.02363127  0.02544595  0.0508919   0.02363127  0.04726254
   0.02544595  0.03668024  0.12071456  0.24981252  0.10819821  0.21639641
   0.24981252  0.01834012  0.02544595  0.10819821  0.03760399  0.02544595
   0.22072266  0.15138475  0.06758624  0.12187902  0.24375804  0.01834012
   0.28939112  0.13949688  0.01834012  0.02544595  0.04214808  0.02544595
   0.02544595  0.02363127  0.27899377  0.3027695   0.01834012  0.08427635
   0.08427635  0.08427635  0.30834622  0.0508919   0.01834012  0.02363127
   0.01834012  0.02544595  0.06035728  0.01834012  0.01834012  0.03760399
   0.25649801]
 [ 0.10732264 -0.16679281  0.11823888  0.11823888  0.13990331  0.11823888
   0.10732264  0.09017254  0.10732264  0.21464529  0.09017254  0.18034508
   0.10732264  0.23647776  0.27980662 -0.03612681 -0.08605184 -0.17210368
  -0.03612681  0.11823888  0.10732264 -0.08605184  0.19371486  0.10732264
  -0.09928265 -0.03526405  0.22169551 -0.09237314 -0.18474628  0.11823888
  -0.16211238 -0.00680199  0.11823888  0.10732264  0.16961116  0.10732264
   0.10732264  0.09017254 -0.01360398 -0.07052811  0.11823888  0.12959749
   0.12959749  0.12959749  0.13228671  0.21464529  0.11823888  0.09017254
   0.11823888  0.10732264  0.13990331  0.11823888  0.11823888  0.19371486
   0.13970062]]

*************************************************************

